Processo(2): 2021-05-16T23:21:29.248269700
Processo(3): 2021-05-16T23:21:32.262070
Processo(1): 2021-05-16T23:21:35.274123500
